101 32 263
116 104 264
116 32 265
115 32 266
111 117 267
44 32 268
100 32 269
114 32 270
105 110 271
97 110 272
101 110 273
58 10 274
121 32 275
10 10 276
101 114 277
111 110 278
108 108 279
97 114 280
264 263 281
121 267 282
111 32 283
104 97 284
111 114 285
46 276 286
101 115 287
44 10 288
105 116 289
105 266 290
101 97 291
279 32 292
115 265 293
264 101 294
110 111 295
111 109 296
102 32 297
105 114 298
73 32 299
117 115 300
116 283 301
85 83 302
302 274 303
104 263 304
272 269 305
97 116 306
282 32 307
59 32 308
104 105 309
73 303 310
104 101 311
271 103 312
271 32 313
119 105 314
115 116 315
46 32 316
111 119 317
114 101 318
111 111 319
58 32 320
105 265 321
264 32 322
118 101 323
118 263 324
97 108 325
73 65 326
326 274 327
111 270 328
104 32 329
101 101 330
109 97 331
100 105 332
97 265 333
69 78 334
298 293 335
117 266 336
97 32 337
284 265 338
111 297 339
98 101 340
108 269 341
10 84 342
289 105 343
115 101 344
122 273 345
286 86 346
343 345 347
272 32 348
114 105 349
108 105 350
119 104 351
282 270 352
70 335 353
267 270 354
99 101 355
67 347 356
356 274 357
97 109 358
115 268 359
112 114 360
63 276 361
312 32 362
278 32 363
101 270 364
280 263 365
119 97 366
39 266 367
104 290 368
107 263 369
99 105 370
110 32 371
267 341 372
295 265 373
273 32 374
121 268 375
10 87 376
101 268 377
116 105 378
99 329 379
101 269 380
115 117 381
98 117 382
264 333 383
353 357 384
109 275 385
116 268 386
107 32 387
277 263 388
109 111 389
108 97 390
111 108 391
99 296 392
102 328 393
114 291 394
314 322 395
98 108 396
309 109 397
119 101 398
284 324 399
100 268 400
103 319 401
39 32 402
114 117 403
114 97 404
103 104 405
286 77 406
102 285 407
294 275 408
278 263 409
109 117 410
65 110 411
77 280 412
108 101 413
101 99 414
99 263 415
334 334 416
416 310 417
317 32 418
288 84 419
65 82 420
115 112 421
294 270 422
115 104 423
412 370 424
401 269 425
105 270 426
411 269 427
295 119 428
98 263 429
119 285 430
294 426 431
264 290 432
117 110 433
115 273 434
115 10 435
105 108 436
73 82 437
437 71 438
438 73 439
439 76 440
440 327 441
112 101 442
277 101 443
100 101 444
273 116 445
100 10 446
115 97 447
101 266 448
331 100 449
420 67 450
450 310 451
119 263 452
109 263 453
97 99 454
382 265 455
105 115 456
103 97 457
105 100 458
108 275 459
115 284 460
117 112 461
39 269 462
346 441 463
117 114 464
286 384 465
97 292 466
39 292 467
109 285 468
33 276 469
97 266 470
115 263 471
63 32 472
67 296 473
101 109 474
314 292 475
340 279 476
45 45 477
296 32 478
65 76 479
479 69 480
480 82 481
481 327 482
107 428 483
99 267 484
119 372 485
294 109 486
103 32 487
344 108 488
366 266 489
116 277 490
311 275 491
288 87 492
389 293 493
99 104 494
82 296 495
116 10 496
98 111 497
346 482 498
264 277 499
39 116 500
101 265 501
118 277 502
116 111 503
112 280 504
103 111 505
100 266 506
286 83 507
457 271 508
397 32 509
119 338 510
398 279 511
116 273 512
264 267 513
309 379 514
102 97 515
100 283 516
100 121 517
116 97 518
271 105 519
114 478 520
306 285 521
79 76 522
522 85 523
523 77 524
524 78 525
525 327 526
291 270 527
264 348 528
268 305 529
484 110 530
109 272 531
108 121 532
264 271 533
102 102 534
267 114 535
424 300 536
116 114 537
103 329 538
108 291 539
410 293 540
111 323 541
402 281 542
33 32 543
287 265 544
268 299 545
460 292 546
406 417 547
110 101 548
396 263 549
266 339 550
342 283 551
115 119 552
361 77 553
284 116 554
406 451 555
73 78 556
556 310 557
449 358 558
421 291 559
46 10 560
405 265 561
287 266 562
59 10 563
110 100 564
97 508 565
99 278 566
105 324 567
332 269 568
84 304 569
104 278 570
119 388 571
100 115 572
99 107 573
331 369 574
100 97 575
119 280 576
311 280 577
272 552 578
102 520 579
78 111 580
288 427 581
83 273 582
582 521 583
583 274 584
102 105 585
84 303 586
65 279 587
587 274 588
89 267 589
67 97 590
301 281 591
111 112 592
317 371 593
468 263 594
414 278 595
595 269 596
117 108 597
100 111 598
115 458 599
308 305 600
87 338 601
264 287 602
111 542 603
289 121 604
103 283 605
266 305 606
84 491 607
315 114 608
282 114 609
101 292 610
10 65 611
98 275 612
104 267 613
277 115 614
332 115 615
264 273 616
102 271 617
103 394 618
100 275 619
101 108 620
360 111 621
268 307 622
105 336 623
424 336 624
46 376 625
105 297 626
108 263 627
116 266 628
265 339 629
287 268 630
118 105 631
355 266 632
361 384 633
97 375 634
99 348 635
119 514 636
110 283 637
284 269 638
280 109 639
89 354 640
342 304 641
350 369 642
288 79 643
112 318 644
116 116 645
323 270 646
578 277 647
39 84 648
325 32 649
109 101 650
98 114 651
461 363 652
378 278 653
602 263 654
353 584 655
73 67 656
656 557 657
66 82 658
658 85 659
659 586 660
589 32 661
114 287 662
483 32 663
596 357 664
281 112 665
108 117 666
264 306 667
300 268 668
486 32 669
103 101 670
102 298 671
360 267 672
325 105 673
267 115 674
447 275 675
118 374 676
112 32 677
111 422 678
104 443 679
272 100 680
105 322 681
269 301 682
102 349 683
683 273 684
609 488 685
116 610 686
280 101 687
70 328 688
272 116 689
323 266 690
492 104 691
121 101 692
102 111 693
279 268 694
73 467 695
281 476 696
10 79 697
115 283 698
116 403 699
73 371 700
299 358 701
396 319 702
104 418 703
311 270 704
419 338 705
272 487 706
65 117 707
707 585 708
708 332 709
473 519 710
346 526 711
330 400 712
115 304 713
330 269 714
104 527 715
559 107 716
590 623 717
99 285 718
413 265 719
278 101 720
430 400 721
381 114 722
102 101 723
103 117 724
97 279 725
121 266 726
282 268 727
513 538 728
111 102 729
116 117 730
97 10 731
73 297 732
99 300 733
306 105 734
599 263 735
97 275 736
108 541 737
306 490 738
117 270 739
608 278 740
100 359 741
115 298 742
10 72 743
10 83 744
105 109 745
419 304 746
289 268 747
271 100 748
99 114 749
103 404 750
316 299 751
66 117 752
474 98 753
288 83 754
344 263 755
97 112 756
39 100 757
477 276 758
553 417 759
316 87 760
108 319 761
318 355 762
272 265 763
268 281 764
612 281 765
112 390 766
299 475 767
97 98 768
103 273 769
769 277 770
701 32 771
295 496 772
495 263 773
533 107 774
554 367 775
72 263 776
423 372 777
313 281 778
115 105 779
99 387 780
407 322 781
112 317 782
86 391 783
783 115 784
784 632 785
500 290 786
300 286 787
507 657 788
570 535 789
86 526 790
115 278 791
268 425 792
66 101 793
621 99 794
272 275 795
286 588 796
391 323 797
102 358 798
99 309 799
442 592 800
87 263 801
76 501 802
105 292 803
97 117 804
289 275 805
121 10 806
112 277 807
351 391 808
109 105 809
533 387 810
444 280 811
320 281 812
97 534 813
118 445 814
118 273 815
112 105 816
393 281 817
559 387 818
104 433 819
103 364 820
98 394 821
507 664 822
565 293 823
392 109 824
67 278 825
284 266 826
100 409 827
530 537 828
99 372 829
265 301 830
103 567 831
318 112 832
78 634 833
105 359 834
378 292 835
99 272 836
311 108 837
454 733 838
442 116 839
473 377 840
351 283 841
392 448 842
351 388 843
376 681 844
109 738 845
98 300 846
846 271 847
290 373 848
306 101 849
323 10 850
118 287 851
104 291 852
306 377 853
351 111 854
99 464 855
109 445 856
468 101 857
117 116 858
291 265 859
267 266 860
693 279 861
686 282 862
325 101 863
87 101 864
864 694 865
84 104 866
497 517 867
109 753 868
278 459 869
449 263 870
398 292 871
101 100 872
410 116 873
873 271 874
342 491 875
381 379 876
107 312 877
273 415 878
113 117 879
321 456 880
101 120 881
431 99 882
10 427 883
618 265 884
97 115 885
102 335 886
295 549 887
101 646 888
295 270 889
277 268 890
618 116 891
100 593 892
107 330 893
115 330 894
360 287 895
116 464 896
103 114 897
295 116 898
548 119 899
284 108 900
316 84 901
115 309 902
645 364 903
267 629 904
65 85 905
905 70 906
906 73 907
907 68 908
908 310 909
495 101 910
97 102 911
687 511 912
104 300 913
558 308 914
73 564 915
915 712 916
469 790 917
390 517 918
407 263 919
404 422 920
361 588 921
797 100 922
800 413 923
802 336 924
39 265 925
366 375 926
110 263 927
665 306 928
928 349 929
929 370 930
930 272 931
625 338 932
119 309 933
111 98 934
504 378 935
272 355 936
10 381 937
103 263 938
392 263 939
505 506 940
73 10 941
717 536 942
671 315 943
502 275 944
824 278 945
401 446 946
285 265 947
340 362 948
672 100 949
109 673 950
284 322 951
273 355 952
112 539 953
471 368 954
504 116 955
311 10 956
101 676 957
110 306 958
117 318 959
366 275 960
304 290 961
299 540 962
295 386 963
734 278 964
515 597 965
99 604 966
590 112 967
967 289 968
968 391 969
392 101 970
264 275 971
112 112 972
267 405 973
466 281 974
469 77 975
98 306 976
98 115 977
360 736 978
428 32 979
423 418 980
39 474 981
112 111 982
740 487 983
87 104 984
315 277 985
425 684 986
109 271 987
325 394 988
743 97 989
331 275 990
116 349 991
352 315 992
564 364 993
110 330 994
309 422 995
515 499 996
273 474 997
393 300 998
692 116 999
315 285 1000
101 45 1001
287 10 1002
614 308 1003
296 263 1004
404 271 1005
576 266 1006
264 443 1007
278 100 1008
611 32 1009
645 275 1010
307 399 1011
577 269 1012
115 271 1013
277 690 1014
108 289 1015
1015 116 1016
121 501 1017
382 386 1018
444 350 1019
351 374 1020
868 277 1021
105 269 1022
697 297 1023
476 275 1024
647 757 1025
99 358 1026
264 300 1027
761 387 1028
611 266 1029
121 367 1030
317 110 1031
103 436 1032
115 391 1033
98 349 1034
691 283 1035
44 758 1036
407 109 1037
282 467 1038
287 116 1039
114 263 1040
115 329 1041
305 264 1042
762 567 1043
281 770 1044
307 516 1045
102 321 1046
288 69 1047
105 355 1048
277 105 1049
613 538 1050
299 516 1051
539 324 1052
73 265 1053
342 311 1054
112 117 1055
752 265 1056
301 282 1057
884 503 1058
287 386 1059
39 293 1060
105 102 1061
114 306 1062
59 641 1063
97 436 1064
775 281 1065
1065 845 1066
776 383 1067
104 285 1068
331 107 1069
104 348 1070
85 112 1071
1071 363 1072
287 316 1073
893 677 1074
287 308 1075
351 443 1076
642 301 1077
454 653 1078
385 108 1079
553 451 1080
104 706 1081
121 308 1082
67 285 1083
532 320 1084
782 364 1085
119 32 1086
111 268 1087
287 434 1088
1088 103 1089
1089 277 1090
1090 274 1091
286 655 1092
264 362 1093
67 79 1094
1094 77 1095
1095 557 1096
900 297 1097
101 280 1098
576 115 1099
289 336 1100
1100 76 1101
1101 280 1102
1102 378 1103
847 287 1104
469 655 1105
902 112 1106
407 264 1107
107 462 1108
286 660 1109
273 265 1110
337 531 1111
325 278 1112
709 300 1113
403 109 1114
100 267 1115
1115 98 1116
351 273 1117
70 912 1118
913 98 1119
304 489 1120
575 275 1121
651 317 1122
799 108 1123
118 456 1124
1124 321 1125
72 414 1126
285 269 1127
65 32 1128
361 86 1129
792 558 1130
541 270 1131
463 580 1132
598 285 1133
605 395 1134
286 76 1135
1135 420 1136
1136 84 1137
1137 310 1138
452 794 1139
112 291 1140
107 268 1141
661 365 1142
332 263 1143
301 798 1144
1144 105 1145
1145 423 1146
717 624 1147
101 297 1148
273 101 1149
398 467 1150
718 371 1151
1151 333 1152
112 349 1153
925 337 1154
332 99 1155
78 283 1156
719 321 1157
100 720 1158
83 664 1159
79 927 1160
99 347 1161
454 530 1162
116 380 1163
319 270 1164
264 285 1165
722 723 1166
289 266 1167
318 350 1168
1168 101 1169
320 626 1170
455 281 1171
381 807 1172
1172 102 1173
1173 666 1174
289 375 1175
808 287 1176
296 377 1177
809 561 1178
452 365 1179
110 562 1180
350 99 1181
106 414 1182
109 456 1183
272 10 1184
597 280 1185
97 382 1186
1186 564 1187
534 277 1188
272 415 1189
318 815 1190
314 264 1191
1191 10 1192
107 630 1193
340 939 1194
819 820 1195
373 313 1196
725 275 1197
508 293 1198
943 320 1199
311 367 1200
325 116 1201
825 599 1202
1202 364 1203
393 368 1204
1204 828 1205
121 633 1206
86 277 1207
829 429 1208
566 512 1209
1209 830 1210
832 947 1211
397 488 1212
1212 297 1213
950 370 1214
1214 674 1215
304 951 1216
304 332 1217
273 100 1218
729 116 1219
109 374 1220
304 568 1221
503 10 1222
389 422 1223
305 301 1224
308 636 1225
263 339 1226
118 298 1227
1227 730 1228
836 373 1229
958 959 1230
415 313 1231
637 960 1232
280 114 1233
965 116 1234
116 298 1235
1235 263 1236
839 343 1237
472 569 1238
966 10 1239
351 275 1240
315 736 1241
362 679 1242
1242 472 1243
591 969 1244
65 103 1245
72 101 1246
570 544 1247
273 973 1248
115 111 1249
417 601 1250
39 359 1251
273 268 1252
976 606 1253
1253 99 1254
1254 666 1255
1255 977 1256
978 282 1257
79 739 1258
308 408 1259
110 105 1260
607 675 1261
982 285 1262
399 983 1263
264 115 1264
984 375 1265
331 985 1266
385 986 1267
987 263 1268
98 535 1269
685 851 1270
633 801 1271
742 268 1272
988 517 1273
316 688 1274
115 288 1275
313 432 1276
811 264 1277
369 333 1278
495 348 1279
315 853 1280
854 471 1281
484 114 1282
321 518 1283
99 404 1284
1284 573 1285
374 513 1286
108 271 1287
101 502 1288
505 741 1289
272 446 1290
107 994 1291
266 301 1292
486 268 1293
837 112 1294
99 325 1295
594 306 1296
108 680 1297
109 266 1298
691 374 1299
855 471 1300
543 84 1301
1301 403 1302
748 330 1303
543 607 1304
548 39 1305
1305 364 1306
99 280 1307
1000 1001 1308
1308 613 1309
109 380 1310
291 108 1311
1311 32 1312
575 436 1313
311 269 1314
823 281 1315
662 116 1316
1316 1005 1317
665 111 1318
461 268 1319
108 111 1320
109 300 1321
496 825 1322
562 685 1323
119 1008 1324
643 270 1325
838 380 1326
861 121 1327
546 862 1328
644 1010 1329
116 863 1330
1330 320 1331
752 386 1332
1016 627 1333
307 540 1334
953 344 1335
696 375 1336
274 84 1337
10 73 1338
458 627 1339
280 100 1340
362 281 1341
272 400 1342
548 646 1343
340 280 1344
312 10 1345
76 105 1346
1346 369 1347
281 678 1348
271 315 1349
1349 403 1350
435 68 1351
102 330 1352
411 400 1353
756 839 1354
1354 289 1355
263 305 1356
813 414 1357
1023 281 1358
1358 808 1359
1359 263 1360
1360 867 1361
578 364 1362
83 298 1363
271 269 1364
115 809 1365
1365 413 1366
492 514 1367
1026 263 1368
579 281 1369
477 10 1370
70 285 1371
696 275 1372
433 116 1373
551 281 1374
566 116 1375
281 874 1376
1376 860 1377
342 338 1378
762 105 1379
434 521 1380
876 470 1381
1030 647 1382
472 87 1383
33 641 1384
577 386 1385
643 739 1386
281 413 1387
1034 99 1388
510 616 1389
1389 633 1390
104 372 1391
1035 290 1392
1037 364 1393
97 103 1394
392 766 1395
1395 271 1396
492 338 1397
862 10 1398
115 331 1399
89 101 1400
267 265 1401
100 563 1402
580 265 1403
572 44 1404
288 648 1405
1044 649 1406
102 319 1407
300 263 1408
305 281 1409
288 299 1410
264 114 1411
1411 267 1412
1412 538 1413
1413 281 1414
550 352 1415
702 100 1416
272 107 1417
111 534 1418
740 103 1419
323 606 1420
70 520 1421
1421 453 1422
466 333 1423
1423 278 1424
288 589 1425
447 726 1426
109 280 1427
308 511 1428
101 263 1429
288 89 1430
1430 501 1431
725 10 1432
102 108 1433
773 365 1434
530 488 1435
264 312 1436
1436 266 1437
349 405 1438
316 601 1439
516 307 1440
281 1058 1441
1441 101 1442
759 688 1443
643 297 1444
513 32 1445
407 101 1446
280 265 1447
1062 266 1448
760 1066 1449
284 386 1450
352 592 1451
1451 519 1452
278 288 1453
1453 77 1454
97 369 1455
425 430 1456
10 66 1457
316 1067 1458
617 269 1459
350 278 1460
307 104 1461
104 388 1462
307 365 1463
99 111 1464
315 409 1465
430 971 1466
415 568 1467
100 287 1468
110 287 1469
352 554 1470
1470 101 1471
376 514 1472
118 436 1473
111 97 1474
1474 107 1475
72 706 1476
272 938 1477
99 466 1478
383 489 1479
103 280 1480
749 275 1481
85 993 1482
307 313 1483
376 372 1484
111 499 1485
431 593 1486
408 447 1487
872 555 1488
1054 121 1489
377 305 1490
295 98 1491
1491 436 1492
390 275 1493
1493 97 1494
1494 735 1495
385 115 1496
654 365 1497
325 493 1498
99 317 1499
287 330 1500
1500 379 1501
111 369 1502
359 383 1503
434 265 1504
897 689 1505
1505 380 1506
111 115 1507
604 581 1508
264 318 1509
65 266 1510
389 278 1511
991 382 1512
1512 110 1513
1513 448 1514
403 116 1515
777 399 1516
1047 1040 1517
644 118 1518
1518 1064 1519
368 290 1520
404 103 1521
553 1091 1522
899 266 1523
764 785 1524
365 313 1525
1525 639 1526
1526 115 1527
1527 555 1528
771 103 1529
1529 390 1530
269 363 1531
264 374 1532
452 546 1533
604 316 1534
620 100 1535
